function [a,th,ph] = design3_108_14

% a - weights (constant)
% th- theta for all points
% ph - phi for all points
%
% Spherical design, from Hardin and Sloane
% http://www.research.att.com/~njas/sphdesigns/dim3/des.3.12.5.txt
% Design for 14 order polynomial, i.e. n<=7 in our case
% uses 108 samples on the sphere
% This uses regular isocahedron configuration

a=[4.02847304065079,2.95970490353353,0.886886782220275,4.93449924307139,0.181932517504743,1.34909929942201,6.10146274479426,1.79262899356930,3.32363267489730,4.49050540135666,2.25487143077082,5.39650162741135,6.20303716400593,4.65835170012930,3.06116513946088,2.55010938384207,4.76661367592224,3.73325207053061,1.51688597562566,5.69171346514466,1.62488155824246,0.591657951409483,0.0803529160172335,3.22217756630005,1.85994342794678,0.472468990824263,5.00141860397428,5.75606164415705,2.66934555080289,0.527135597517225,3.61404483576955,2.61489093686644,5.81087348857113,3.66864464181176,4.42351636727758,1.28185449955561,3.29126249512330,1.60393656657903,0.149034276580509,6.06672524404419,1.53783597092783,0.216642567338198,4.74557417500778,2.92512575411091,4.67938618374663,3.35823929632402,2.99197069511370,6.13446473037117,4.14122221772965,3.35719981633738,0.999615973222722,4.38425034117642,6.06765322002121,1.89939332382203,0.215686500994925,1.24246260095247,2.92619331216919,5.04062668416728,2.14217503415771,5.28371965996416,3.91240239893421,3.68991831677756,0.770803581362029,4.17723438349869,5.73491108734092,2.10627491301038,0.548364259403009,1.03557253971052,2.59353919395301,5.24765106097897,2.37102297328358,5.51250392318472,3.46364474881223,2.26960158625179,0.322014039646542,5.09028897136426,0.871957618556418,1.19313477414464,5.41170246018617,1.94861924779890,4.01347123741444,4.33468989906028,2.81969799722676,5.96137607412111,4.44657666662281,3.20275934007759,1.30497537078947,4.49181606817036,6.22215283011837,1.79224558736390,0.0612102982563017,1.34966413826472,3.08061038941672,4.93300749799748,1.83680110344409,4.97837975151334,3.79800203912103,2.47972069032761,0.656401951120372,5.25300769688623,0.661913397655075,1.03047135674215,5.62157819331843,2.11124368605862,3.80352058312308,4.17201015290721,2.48530671822383,5.62702216261265;];
th=[1.42932639035854,2.24674867340307,1.42906674444135,2.44546674081986,0.894812702834968,0.696082150618799,2.24658438841486,2.44534184649278,0.895039537621921,0.696294560418363,1.71239190935254,1.71240026062672,2.54843452451317,0.979996560155999,2.54861884109059,1.61572131933205,2.16176873062527,1.52603638467151,0.979813177401441,1.61565268321722,2.16160683775184,1.52577491924398,0.592959928765672,0.593172008727960,1.11531816653672,1.82949243717636,1.11542721936969,0.533852332101638,1.31202155344975,2.60756847289345,1.82974816771968,0.533937238881064,1.31192315252245,2.60782728858280,2.02633115717793,2.02610876869389,0.219023488175601,1.78715250379108,0.218801148619061,1.60301804882190,1.35426735378721,1.53838040858570,1.78731872480183,1.60317509671110,1.35444672454886,1.53861175282892,2.92276578340945,2.92259486425219,1.75307272220480,2.13157857581429,1.75281977153454,2.54519703057738,1.01005105971363,0.596459748690843,2.13134735753310,2.54496925744896,1.01020831862922,0.596559285916046,1.38862744493006,1.38866537138939,1.97317777199079,2.29194462218097,1.97291467764304,2.26677961948345,0.849738148320538,0.874914465174407,2.29168481463870,2.26652948716830,0.849817735478839,0.874961747950756,1.16855753563055,1.16853532922473,1.21088354825684,2.66333971827659,1.21064021967213,1.87147119119711,0.478120570304277,1.27004811844829,2.66334412744183,1.87138383353667,0.478380858492678,1.27028216034347,1.93089772773883,1.93076380762762,1.62986153622308,1.83633488605564,1.62964246993963,2.86948546515538,1.30526832449620,0.272150777445425,1.83612586014862,2.86927320165542,1.30545623704960,0.272275889256822,1.51178336979936,1.51189793173144,1.12717567936204,2.36818235965218,1.12691265091731,2.15450343640627,0.773304033585917,0.986986905795432,2.36813175259143,2.15445749250996,0.773567144280132,0.987237462451619,2.01457450069641,2.01452246830371;];
ph=[4.02847304065079,2.95970490353353,0.886886782220275,4.93449924307139,0.181932517504743,1.34909929942201,6.10146274479426,1.79262899356930,3.32363267489730,4.49050540135666,2.25487143077082,5.39650162741135,6.20303716400593,4.65835170012930,3.06116513946088,2.55010938384207,4.76661367592224,3.73325207053061,1.51688597562566,5.69171346514466,1.62488155824246,0.591657951409483,0.0803529160172335,3.22217756630005,1.85994342794678,0.472468990824263,5.00141860397428,5.75606164415705,2.66934555080289,0.527135597517225,3.61404483576955,2.61489093686644,5.81087348857113,3.66864464181176,4.42351636727758,1.28185449955561,3.29126249512330,1.60393656657903,0.149034276580509,6.06672524404419,1.53783597092783,0.216642567338198,4.74557417500778,2.92512575411091,4.67938618374663,3.35823929632402,2.99197069511370,6.13446473037117,4.14122221772965,3.35719981633738,0.999615973222722,4.38425034117642,6.06765322002121,1.89939332382203,0.215686500994925,1.24246260095247,2.92619331216919,5.04062668416728,2.14217503415771,5.28371965996416,3.91240239893421,3.68991831677756,0.770803581362029,4.17723438349869,5.73491108734092,2.10627491301038,0.548364259403009,1.03557253971052,2.59353919395301,5.24765106097897,2.37102297328358,5.51250392318472,3.46364474881223,2.26960158625179,0.322014039646542,5.09028897136426,0.871957618556418,1.19313477414464,5.41170246018617,1.94861924779890,4.01347123741444,4.33468989906028,2.81969799722676,5.96137607412111,4.44657666662281,3.20275934007759,1.30497537078947,4.49181606817036,6.22215283011837,1.79224558736390,0.0612102982563017,1.34966413826472,3.08061038941672,4.93300749799748,1.83680110344409,4.97837975151334,3.79800203912103,2.47972069032761,0.656401951120372,5.25300769688623,0.661913397655075,1.03047135674215,5.62157819331843,2.11124368605862,3.80352058312308,4.17201015290721,2.48530671822383,5.62702216261265;];