function [a,th,ph] = design3_73_10

% function [theta phi] = design3_84_12;
% a - weights (constant)
% th- theta for all points
% ph - phi for all points
%
% Spherical design, from Hardin and Sloane
% http://www.research.att.com/~njas/sphdesigns/dim3/des.3.84.12.txt
% Design for 12 order polynomial, i.e. n<=6 in our case
% uses 84 samples on the sphere
ph=[1.35604046860366,0.0840555279029588,4.25555480887723,5.94749832401162,2.44505828361712,3.41163441903966,3.86988220179142,2.06825545509883,4.43705272781679,3.66754121345003,3.99380421113382,4.63863340216604,0.604404987846893,2.26820812542234,1.66021807411014,4.75658051855047,4.14241630835092,0.238481032278727,0.492439013347297,2.92683679524473,1.65485185485654,5.82635113531266,1.23510934372348,4.01585461034840,4.98243074585649,5.44067852879332,3.63905178180450,6.00784905470248,5.23833753996133,5.56460053800686,6.20942972916818,2.17520131457376,3.83900445211629,3.23101440086525,0.0441915380577374,5.71321263503531,1.80927735901953,4.49763312203390,3.22564818198897,1.11396215510296,2.80590567047946,5.58665093708995,0.270041765527292,0.728289548172798,5.20984810861205,1.29546007423071,0.525948559685555,0.852211557614172,1.49704074858067,3.74599764137543,5.40980077913417,4.80181072756341,1.61498786492141,1.00082365480591,3.38007368573125,6.06842944884004,4.79644450849156,2.68475848213191,4.37670199726785,0.874261956858301,1.84083809228759,2.29908587500061,0.497459128300950,2.86625640102710,2.09674488666826,2.42300788437144,3.06783707534997,5.31679396812966,0.697411798709418,0.0894217471810344,3.18578419171791,2.57161998158443,4.95087001258486];
th=[1.90434447623370,2.73515631001537,2.50885218595130,1.48209557514400,1.57074941282455,0.984454497990884,0.685192333988430,1.34434760358591,1.01964562197061,2.35424297728290,1.09218116852785,0.640368861045424,1.87305377106341,0.297949714132099,2.19410758263857,1.39749610741454,2.07715292847211,1.75256248071660,3.14159265358979,1.90434447622981,2.73515631017387,2.50885218584159,1.48209557515841,1.57074941270611,0.984454497830887,0.685192333903415,1.34434760356508,1.01964562198903,2.35424297730663,1.09218116847976,0.640368861149153,1.87305377101079,0.297949714097395,2.19410758265298,1.39749610754768,2.07715292840504,1.75256248070474,1.90434447609265,2.73515631027763,2.50885218593174,1.48209557510198,1.57074941264554,0.984454498129582,0.685192334037453,1.34434760341162,1.01964562194629,2.35424297736047,1.09218116858910,0.640368861087878,1.87305377092445,0.297949714057055,2.19410758251781,1.39749610740561,2.07715292848039,1.75256248081234,1.90434447620549,2.73515631027761,2.50885218611035,1.48209557505066,1.57074941275557,0.984454497988801,0.685192334028765,1.34434760363520,1.01964562197715,2.35424297736166,1.09218116860350,0.640368861110161,1.87305377092657,0.297949714128533,2.19410758249536,1.39749610750109,2.07715292858241,1.75256248068255];
a=[0.172142063210400,0.172142063210400,0.172142063210400,0.172142063210400,0.172142063210400,0.172142063210400,0.172142063210400,0.172142063210400,0.172142063210400,0.172142063210400,0.172142063210400,0.172142063210400,0.172142063210400,0.172142063210400,0.172142063210400,0.172142063210400,0.172142063210400,0.172142063210400,0.172142063210400,0.172142063210400,0.172142063210400,0.172142063210400,0.172142063210400,0.172142063210400,0.172142063210400,0.172142063210400,0.172142063210400,0.172142063210400,0.172142063210400,0.172142063210400,0.172142063210400,0.172142063210400,0.172142063210400,0.172142063210400,0.172142063210400,0.172142063210400,0.172142063210400,0.172142063210400,0.172142063210400,0.172142063210400,0.172142063210400,0.172142063210400,0.172142063210400,0.172142063210400,0.172142063210400,0.172142063210400,0.172142063210400,0.172142063210400,0.172142063210400,0.172142063210400,0.172142063210400,0.172142063210400,0.172142063210400,0.172142063210400,0.172142063210400,0.172142063210400,0.172142063210400,0.172142063210400,0.172142063210400,0.172142063210400,0.172142063210400,0.172142063210400,0.172142063210400,0.172142063210400,0.172142063210400,0.172142063210400,0.172142063210400,0.172142063210400,0.172142063210400,0.172142063210400,0.172142063210400,0.172142063210400,0.172142063210400];