function [a,th,ph] = design3_180_18


% a - weights (constant)
% th- theta for all points
% ph - phi for all points
%
% Spherical design, from Hardin and Sloane
% http://www.research.att.com/~njas/sphdesigns/dim3/des.3.12.5.txt
% Design for 18 order polynomial, i.e. n<=9 in our case
% uses 180 samples on the sphere

a=[0.0698131700797732,0.0698131700797732,0.0698131700797732,0.0698131700797732,0.0698131700797732,0.0698131700797732,0.0698131700797732,0.0698131700797732,0.0698131700797732,0.0698131700797732,0.0698131700797732,0.0698131700797732,0.0698131700797732,0.0698131700797732,0.0698131700797732,0.0698131700797732,0.0698131700797732,0.0698131700797732,0.0698131700797732,0.0698131700797732,0.0698131700797732,0.0698131700797732,0.0698131700797732,0.0698131700797732,0.0698131700797732,0.0698131700797732,0.0698131700797732,0.0698131700797732,0.0698131700797732,0.0698131700797732,0.0698131700797732,0.0698131700797732,0.0698131700797732,0.0698131700797732,0.0698131700797732,0.0698131700797732,0.0698131700797732,0.0698131700797732,0.0698131700797732,0.0698131700797732,0.0698131700797732,0.0698131700797732,0.0698131700797732,0.0698131700797732,0.0698131700797732,0.0698131700797732,0.0698131700797732,0.0698131700797732,0.0698131700797732,0.0698131700797732,0.0698131700797732,0.0698131700797732,0.0698131700797732,0.0698131700797732,0.0698131700797732,0.0698131700797732,0.0698131700797732,0.0698131700797732,0.0698131700797732,0.0698131700797732,0.0698131700797732,0.0698131700797732,0.0698131700797732,0.0698131700797732,0.0698131700797732,0.0698131700797732,0.0698131700797732,0.0698131700797732,0.0698131700797732,0.0698131700797732,0.0698131700797732,0.0698131700797732,0.0698131700797732,0.0698131700797732,0.0698131700797732,0.0698131700797732,0.0698131700797732,0.0698131700797732,0.0698131700797732,0.0698131700797732,0.0698131700797732,0.0698131700797732,0.0698131700797732,0.0698131700797732,0.0698131700797732,0.0698131700797732,0.0698131700797732,0.0698131700797732,0.0698131700797732,0.0698131700797732,0.0698131700797732,0.0698131700797732,0.0698131700797732,0.0698131700797732,0.0698131700797732,0.0698131700797732,0.0698131700797732,0.0698131700797732,0.0698131700797732,0.0698131700797732,0.0698131700797732,0.0698131700797732,0.0698131700797732,0.0698131700797732,0.0698131700797732,0.0698131700797732,0.0698131700797732,0.0698131700797732,0.0698131700797732,0.0698131700797732,0.0698131700797732,0.0698131700797732,0.0698131700797732,0.0698131700797732,0.0698131700797732,0.0698131700797732,0.0698131700797732,0.0698131700797732,0.0698131700797732,0.0698131700797732,0.0698131700797732,0.0698131700797732,0.0698131700797732,0.0698131700797732,0.0698131700797732,0.0698131700797732,0.0698131700797732,0.0698131700797732,0.0698131700797732,0.0698131700797732,0.0698131700797732,0.0698131700797732,0.0698131700797732,0.0698131700797732,0.0698131700797732,0.0698131700797732,0.0698131700797732,0.0698131700797732,0.0698131700797732,0.0698131700797732,0.0698131700797732,0.0698131700797732,0.0698131700797732,0.0698131700797732,0.0698131700797732,0.0698131700797732,0.0698131700797732,0.0698131700797732,0.0698131700797732,0.0698131700797732,0.0698131700797732,0.0698131700797732,0.0698131700797732,0.0698131700797732,0.0698131700797732,0.0698131700797732,0.0698131700797732,0.0698131700797732,0.0698131700797732,0.0698131700797732,0.0698131700797732,0.0698131700797732,0.0698131700797732,0.0698131700797732,0.0698131700797732,0.0698131700797732,0.0698131700797732,0.0698131700797732,0.0698131700797732,0.0698131700797732,0.0698131700797732,0.0698131700797732,0.0698131700797732,0.0698131700797732,0.0698131700797732,0.0698131700797732,0.0698131700797732,0.0698131700797732,0.0698131700797732,0.0698131700797732;];
th=[1.10795949767401,2.61869618373356,1.10795949745419,1.34519057380953,0.522896468525776,1.79640207798042,2.61869618587760,1.34519057518161,0.522896465989672,1.79640208041612,2.03363315342430,2.03363315425952,1.94817481848345,2.50958787616933,1.94817482140856,2.05077254518785,0.632004772612493,1.09082011091875,2.50958787666854,2.05077254254687,0.632004774349513,1.09082010787327,1.19341783247186,1.19341783237028,0.141124335520868,1.70605075431631,0.141124335721072,1.61082868666505,1.43554189992996,1.53076396718261,1.70605075555407,1.61082868800596,1.43554190051983,1.53076396529626,3.00046831930882,3.00046831706854,2.85348818502285,1.52098165178693,2.85348818486540,1.85431769558244,1.62061100401439,1.28727495735138,1.52098164930469,1.85431769355357,1.62061100395639,1.28727495952411,0.288104471550170,0.288104471042574,0.285703054657073,1.36385161218893,0.285703055324793,1.76491490683146,1.77774104227018,1.37667774633997,1.36385160959252,1.76491490500419,1.77774104538410,1.37667774694297,2.85588959490710,2.85588959608742,2.17871098892943,1.85345040881546,2.17871098869457,0.688806999915694,1.28814224491134,2.45278565524630,1.85345040870752,0.688807000869234,1.28814224529455,2.45278565284803,0.962881667419491,0.962881666097059,1.68500674483993,0.421774674603650,1.68500674579109,1.97490365628243,2.71981797728262,1.16668899851553,0.421774675604947,1.97490365760884,2.71981797969826,1.16668899850600,1.45658590952814,1.45658590665213,2.12795582625234,0.557345164636553,2.12795582893311,1.58370666931289,2.58424749221959,1.55788598423476,0.557345166256087,1.58370666988466,2.58424749090130,1.55788598282543,1.01363682610963,1.01363682293909,0.814213474635213,2.34040066278968,0.814213475224596,1.35802986787563,0.801191991722293,1.78356278620329,2.34040066536795,1.35802986686992,0.801191988159895,1.78356278577993,2.32737917548937,2.32737917601834,0.691639633751403,1.83559831957931,0.691639632683295,2.19152750629766,1.30599433249367,0.950065148030241,1.83559832017002,2.19152750857751,1.30599433356471,0.950065145253771,2.44995302373673,2.44995302293118,1.04439052029245,1.04009719198068,1.04439052224557,0.794007566685092,2.10149546282988,2.34758508640245,1.04009719230114,0.794007568792603,2.10149546201935,2.34758508771943,2.09720213228894,2.09720213248543,0.842476440658770,2.02722830058485,0.842476438379015,0.924489731539366,1.11436435278561,2.21710292037269,2.02722830084812,0.924489732716629,1.11436435226259,2.21710291859951,2.29911621284431,2.29911621144937,1.21507774979463,2.66870729244183,1.21507775272507,1.86870176512606,0.472885364486694,1.27289088849751,2.66870729038082,1.86870176430688,0.472885365575737,1.27289089038613,1.92651490409630,1.92651490172799,0.724439430282744,0.847349700011837,0.724439427088167,1.53940151469628,2.29424295709145,1.60219113925736,0.847349698354595,1.53940151390511,2.29424295795276,1.60219113800603,2.41715322259591,2.41715322464009,2.05152732855682,1.69686252783404,2.05152732650269,2.64183159391570,1.44473012326800,0.499761056219199,1.69686253111626,2.64183159351245,1.44473012301138,0.499761057389579,1.09006532922218,1.09006532611285;];
